;id;Municipio;total;en_propiedad;en_alquiler;otro
0;1059;Vitoria-Gasteiz;107165;88571;16237;2357
1;3014;Alacant/Alicante;135864;104009;21801;10054
2;3065;Elche/Elx;88498;72774;10843;4881
3;7040;Palma;157101;104815;39403;12883
4;8019;Barcelona;671177;409684;208468;53025
5;8101;L´Hospitalet de Llobregat;101809;66941;27916;6952
6;14021;Córdoba;122668;102031;13264;7373
7;15030;A Coruña;104637;69246;24679;10712
8;18087;Granada;98316;70361;18166;9789
9;28079;Madrid;1322855;927975;317766;77114
10;29067;Málaga;218245;174332;29366;14547
11;30030;Murcia;163570;121850;26137;15583
12;33024;Gijón;120349;90297;18553;11499
13;35016;Las Palmas de Gran Canaria;143195;94443;31685;17067
14;36057;Vigo;114082;81984;22106;9992
15;41091;Sevilla;266588;210473;37015;19100
16;46250;Valencia;323171;242186;55865;25120
17;47186;Valladolid;127185;96543;18622;12020
18;48020;Bilbao;149461;122697;21483;5281
19;50297;Zaragoza;280054;213969;50140;15945
