;Municipio;reg_autonomos;reg_general;total
0;Vitoria-Gasteiz;12556;113431;128182
1;Alacant/Alicante;21904;194761;220393
2;Elche/Elx;16002;68998;87780
3;Palma;31272;237944;274052
4;Barcelona;128665;1071264;1227111
5;L´Hospitalet de Llobregat;13046;92373;106346
6;Córdoba;19680;120721;145002
7;A Coruña;15352;129757;149457
8;Granada;16592;123937;145124
9;Madrid;203442;2065860;2338583
10;Málaga;37152;289323;333024
11;Murcia;30877;201907;245133
12;Gijón;16142;65407;84221
13;Las Palmas de Gran Canaria;22047;177695;206098
14;Vigo;18252;120631;143920
15;Sevilla;38779;355465;404333
16;Valencia;60581;377161;453882
17;Valladolid;15948;137483;156554
18;Bilbao;21921;164290;193218
19;Zaragoza;38941;274477;321363
