;id;Municipio;total_superficie;menos_de_60m2;entre_61_y_105m2;mas_de_106m2
0;1059;Vitoria-Gasteiz;119853;13501;92161;14191
1;3014;Alacant/Alicante;187658;37608;119585;28691
2;3065;Elche/Elx;116080;17738;73758;24435
3;7040;Palma;186482;45228;105354;34841
4;8019;Barcelona;808751;395237;332921;64688
5;8101;L´Hospitalet de Llobregat;110488;79438;29218;1321
6;14021;Córdoba;155400;41373;86848;26825
7;15030;A Coruña;136205;40341;82693;12987
8;18087;Granada;141257;23167;88612;29082
9;28079;Madrid;1533221;724030;660976;141824
10;29067;Málaga;261857;73569;148376;38981
11;30030;Murcia;219740;36158;133309;49178
12;33024;Gijón;148955;46097;90908;11792
13;35016;Las Palmas de Gran Canaria;175181;49264;89351;29221
14;36057;Vigo;144293;36389;79500;26143
15;41091;Sevilla;327393;99194;182780;42836
16;46250;Valencia;414988;89560;265371;58119
17;47186;Valladolid;159363;40016;102536;16623
18;48020;Bilbao;165685;38972;105838;20875
19;50297;Zaragoza;338961;117443;187534;33641
