;Municipio;En alquiler;En propiedad;Otro régimen de tenencia;Total (régimen de tenencia);%propiedad;%alquiler;Proporcion Propiedad/Alquiler
7;Alacant/Alicante;21.801;104.009;10.054;135.864;76.55375964199493;16.046193252075604;4.770836200174304
17;Barcelona;208.468;409.684;53.025;671.177;61.039636340339435;31.060063142807337;1.9652128863902376
20;Bilbao;21.483;122.697;5.281;149.461;82.09298746830275;14.373649313198761;5.711353162966066
34;A Coruña;24.679;69.246;10.712;104.637;66.17735600217895;23.585347439242334;2.805867336601969
39;Córdoba;13.264;102.031;7.373;122.668;83.17654155933087;10.812925946457103;7.692325090470447
44;Elche/Elx;10.843;72.774;4.881;88.498;82.23236683314877;12.252254288232502;6.711611177718344
53;Gijón;18.553;90.297;11.499;120.349;75.02928981545338;15.415998471113179;4.866975691262868
55;Granada;18.166;70.361;9.789;98.316;71.56617437650027;18.477155295170675;3.87322470549378
59;L´Hospitalet de Llobregat;27.916;66.941;6.952;101.809;65.75155438124331;27.419972693966155;2.3979438314944836
73;Madrid;317.766;927.975;77.114;;;;2.920309284190253
83;Murcia;26.137;121.85;15.583;163.57;74.4941003851562;15.979091520449963;4.661973447603015
84;Málaga;29.366;174.332;14.547;218.245;79.87903502943938;13.455520172283443;5.936525233262957
91;Palma;39.403;104.815;12.883;157.101;66.71822585470494;25.081317114467762;2.660076643910362
92;Las Palmas de Gran Canaria;31.685;94.443;17.067;143.195;65.95411850972451;22.1271692447362;2.9806848666561465
124;Sevilla;37.015;210.473;19.100;266.588;78.95066544630666;13.884720992692841;5.686154261785763
140;Valladolid;18.622;96.543;12.020;127.185;75.90753626606912;14.641663718205763;5.1843518419074215
141;Valencia;55.865;242.186;25.120;323.171;74.94051137014151;17.28651395081861;4.3352009308153585
142;Vigo;22.106;81.984;9.992;114.082;71.86409775424694;19.37729001945969;3.7086763774540845
146;Vitoria-Gasteiz;16.237;88.571;2.357;107.165;82.64918583492744;15.151402043577658;5.454886986512287
149;Zaragoza;50.14;213.969;15.945;280.054;76.4027651810008;17.90369000264235;4.26743119266055
