;Municipio;1 persona;2 personas;3 personas;4 personas;5 o más personas
0;Alacant/Alicante;39.536;37.976;27.155;21.375;9.822
1;Barcelona;207.973;205.174;126.877;89.495;41.658
2;Bilbao;47.407;47.145;28.826;19.589;6.494
3;A Coruña;32.234;32.136;21.498;13.961;4.808
4;Córdoba;31.242;33.205;25.885;23.487;8.849
5;Elche/Elx;20.773;24.444;19.225;16.947;7.109
6;Gijón;38.928;39.375;24.710;13.156;4.180
7;Granada;33.549;27.223;17.464;13.384;6.696
8;L´Hospitalet de Llobregat;24.350;31.953;21.324;15.227;8.955
9;Madrid;397.447;380.686;251.859;190.474;102.389
10;Murcia;37.959;40.165;33.960;32.762;18.724
11;Málaga;54.869;58.621;46.385;39.436;18.934
12;Palma;38.296;43.849;33.830;25.061;16.065
13;Las Palmas de Gran Canaria;36.913;38.672;31.725;22.133;13.752
14;Sevilla;71.162;73.909;54.457;47.003;20.057
15;Valladolid;39.631;39.140;25.488;16.863;6.063
16;Valencia;96.493;93.169;64.611;48.242;20.656
17;Vigo;29.871;32.045;24.834;18.390;8.942
18;Vitoria-Gasteiz;33.223;33.280;19.913;15.690;5.059
19;Zaragoza;80.672;84.237;57.506;42.713;14.926
